00000000000000000000000000000000000000000000000000000000000000000000000000000000000000000000000000000000000000000000000000000000000000000000000000000000000000000000000000000000000000000000000000000000000000000000000000000000000000000000000000000000000000000000000000000000000000000000000000000000000000000000000000000000000000000000000000000000000000000000000000000000000000000000
00000000000000000000000000000000000000000000000000000000000000000000000000000000000000000000000000000000000000000000000000000000000000000000000000000000000000000000000000000000000000000000000000000000000000000000000000000000000000000000000000000000000000000000000000000000000000000000000000000000000000000000000000000000000000000000000000000000000000000000000000000000000000000000
00000000000000000000000000000000000000000000000000000000000000000000000000000000000000000000000000000000000000000000000000000000000000000000000000000000000000000000000000000000000000000000000000000000000000000000000000000000000000000000000000000000000000000000000000000000000000000000000000000000000000000000000000000000000000000000000000000000000000000000000000000000000000000000
00000000000000000000000000000000000000000000000000000000000000000000000000000000000000000000000000000000000000000000000000000000000000000000000000000000000000000000000000000000000000000000000000000000000000000000000000000000000000000000000000000000000000000000000000000000000000000000000000000000000000000000000000000000000000000000000000000000000000000000000000000000000000000000
00000000000000000000000000000000000000000000000000000000000000000000000000000000000000000000000000000000000000000000000000000000000000000000000000000000000000000000000000000000000000000000000000000000000000000000000000000000000000000000000000000000000000000000000000000000000000000000000000000000000000000000000000000000000000000000000000000000000000000000000000000000000000000000
00000000000000000000000000000000000000000000000000000000000000000000000000000000000000000000000833370000000000000000000000000000000000000000000000000000000000000000000000000000000000000000000000000000000000000000000000000000000000000000000000000000000000000000000000000000000000000000000000000000000000000000000000000000000000000000000000000000000000000000000000000000000000000000
00000000000000000000000000000000000000000000000000000000000000000000000000000000000000000000000422250000000000000000000000000000000000000000000000000000000000000000000000000000000000000000000000000000000000000000000000000000000000000000000000000000000000000000000000000000000000000000000000000000000000000000000000000000000000000000000000000000000000000000000000000000000000000000
00000000000000000000000000000000000000000000000000000000000000000000000000000000000000000000000411150000000000000000000000000000000000000000000000000000000000000000000000000000000000000000000000000000000000000000000000000000000000000000000000000000000000000000000000000000000000000000000000000000000000000000000000000000000000000000000000000000000000000000000000000000000000000000
00000000000000000000000000000000000000000000000000000000000000000000000083333333370000000000000466650000000833337000000000000000000000000000000000000000000000000000000000000000000000000000000000000000000000000000000000000000000000000000000000000000000000000000000000000000000000000000000000000000000000000000000000000000000000000000000000000000000000000000000000000000000000000000
00000000000000000000000000000000000000000000000000000000000000000000000042222222250000000000000000000000000422225000000000000000000000000000000000000000000000000000000000000000000000000000000000000000000000000000000000000000000000000000000000000000000000000000000000000000000000000000000000000000000000000000000000000000000000000000000000000000000000000000000000000000000000000000
0000000000000000000000000000000000000000000000000000000000000000000000004111111115000000000000000000000000041111500000000000000000000000000000000008370000000000000000000000000000000000000000000000000000000000000000000000000000000000000000000000000000000000000083333333333333333333333
000000000000000000000000000000000000000000000000000000000000000000000000466666666500000000000000000000000004111150000000000000000000000000000000000425000000833333333333333333333333333700000000000000000000000000000000000000000000000000000000000000000000000000004222222222222222222225
0000000000000000000000000000000000000000000000000000000000000000000000000000000000000000000000000000000000041111500000000000000000000000000000000004650000004222222222222222222222222225000000000000000000000000000000000000000000000000000000000000000000000000000046666664111111111111111111111111111111111111111111111111111111111111111
00000000000000000000000000000000000000000000000000000000000000000000000000000000000000000000000000000000000411115000000000000000000000000000000000000000000041111111111111111111111111150000000000000000000000000000000000000000000000000000000000000000000000000000000000041111111111111111111111111111111111111111111111111111111111111111
83333333333333333333333333333333333333333333333333333333700000083333333333333333337000000000000000000000000411115000000000833333333380000000000000000000000041111111111111111111111111153333333333333333333333370000000000833333333333700000000000000000000000000000000000041111111111111111111111111111111111111111111111111111111111111111
42222222222222222222222222222222222222222222222222222222500000042222222222222222225000000000000000000000000411115000000000422222222250000000000000000000000041111111111111111111111111112222222222222222222222250000000000422222222222500000000000000000000000000000000000041111111111111111111111111111111111111111111111111111111111111111
41111111111111111111111111111111111111111111111111111111500000041111111111111111115000000000000000000000000411115000000000411111111150000000000000000000000046111111111111111111111111111111111111111111111111150000000000411111111111500000000000000000000000000000000000041111111111111111111111111111111111111111111111111111111111111111115
4111111111111111111111111111111111111111111111111111111150000004111111111111111111533333333333333333333333341111500000000041111111115333337000000000000000000061111111111111111111111111111111111111111111111115000000000041111111111150000000000000000000000000000000000004111111111111111111111111111111111111111111111111111111111111111115
4111111111111111111111111111111111111111111111111111111153333334111111111111111111222222222222222222222222221111500000000041111111112222225000000000000000000006666666666666666666666666666666666666666666666665000000000041111111111150000000000000000000000000000000000004111111111111111111111111111111111111111111111111111111111111115
41111111111111111111111111111111111111111111111111111111222222221111111111111111111111111111111111111111111111111500000000411111111111111150000000000000000000000000000000000000000000000000000000000000000000000000833333411111111111500000000000000000000000000000000000041111111111111111111111111111111111111111111111111111111111111111111111111111115
41111111111111111111111111111111111111111111111111111111111111111111111111111111111111111111111111111111111111115000000000466666666666666650000000000000000000000000000000000000000000000000000000000000000000000000422222211111111111500000000000000000000000000000000000041111111111111111111111111111111111111111111111111111111111111111111111111111115
411111111111111111111111111111111111111111111111111111111111111111111111111111111111111111111111111111111111111150000000000000000000000000000000000000008380000000000000000000000000000000000000000000000000000000004111111111111111115000000000000000000000000000000000000411111111111111111111111111111111111111111111111111111111111111111111111111111111111111111115
411111111111111111111111111111111111111111111111111111111111111111111111111111111111111111111111111111111111111150000000000000000000000000000000000000004250000000000000000000000000000833333333333333333333333333334111111111111111115000000000000000000000000000000000000411111111111111111111111111111111111111111111111111111111111111111111111111111111111111111115
4111111111111111111111111111111111111111111111111111111111111111111111111111111111111111111111111111111111111111500000000000000000000000000000000000000046500000000000000000000000000004222222222222222222222222222221111111111111111150000000000000000000000000000000837004111111111111111111111111111111111111111111111111111111111111111111111111111111111111111111111111115
4111111111111111111111111111111111111111111111111111111111111111111111111111111111111111111111111111111111111111500000000000000000000000000000000000000000000000000000000000000000000004111111111111111111111111111111111111111111111150000000000000000000000000000000425004111111111111111111111111111111111111111111111111111111111111111111111111111111111111111111111111115
4111111111111111111111111111111111111111111111111111111111111111111111111111111111111111111111111111111111111111500000000000000000000000000000000000000000000000000000000000000000000004111111111111111111111111111111111111111111111150000000083333333333333333333333415004111111111111111111111111111111111111111111111111111111111111111111111111111111111111111111111111115
4111111111111111111111111111111111111111111111111111111111111111111111111111111111111111111111111111111111111111500000000000000000000000000000000000000000000000000000000000000000000004111111111111111111111111111111111111111111111150000000042222222222222222222222215004111111111111111111111111111111111111111111111111111111111111111111111111111111111111111111111111115
41111111111111111111111111111111111111111111111111111111111111111111111111111111111111111111111111111111111111115000000083333333333333333333370000000000000000008333333333333333333333341111111111111111111111111111111111111111111111500000000416666666666666666666666650041111111111111111111111111111111111111111111111111111111111111111111111111111111111111111111115
411111111111111111111111111111111111111111111111111111111111111111111111111111111111111111111111111111111111111150000000422222222222222222222500000000000000000042222222222222222222222111111111111111111111111111111111111111111111115000000004150000000000000000000000000411111111111111111111111111111111111111111111111111111111111111111111111111111111111111111111111111111111111111115
41111111111111111111111111111111111111111111111111111111111111111111111111111111111111111111111111111111111111115000000041111111111111111111150000000000000000004111111111111111111111111111111111111111111111111111111111111111111111500000000415000000000000000000000000041111111111111111111111111111111111111111111111111111111111111111111111111111111111111111111111111111111111111111111111111115
4111111111111111111111111111111111111111111111111111111111111111111111111111111111111111111111111111111111111111500000004111111111111111111115000000000000000000411111111111111111111111111111111111111111111111111111111111111111111150000000041500000000000000000000000004111111111111111111111111111111111111111111111111111111111111111111111111111111111111111111111111000000000000000000000
4111111111111111111111111111111111111111111111111111111111111111111111111111111111111111111111111111111111111111500000004111111111111111111115000000000000000000411111111111111111111111111111111111111111111111111111111111111111111150000000041500000000000000000000000004111111111111111111111111111111111111111111111111111111111111111111111111111111111111111111111111000000000000000000000
41111111111111111111111111111111111111111111111111111111111111111111111111111111111111111111111111111111111111115000000041111111111111111111153333700000000008334111111111111111111111111111111111111111111111111111111111111111111111500000000415000000000008333333333333341111111111111111111111111111111111111111111111111111111111111111111111111111111111111111111111111111111111111111111111111115
41111111111111111111111111111111111111111111111111111111111111111111111111111111111111111111111111111111111111115000000041111111111111111111122222500000000004222111111111111111111111111111111111111111111111111111111111111111111111500000000415000000000004222222222222221111111111111111111111111111111111111111111111111111111111111111111111111111111111111111111111111111111111111111111111111115
4111111111111111111111111111111111111111111111111111111111111111111111111111111111111111111111111111111111111111500000004111111111111111111111111150000000000411111111111111111111111111111111111111111111111111111111111111111111111150000000041500000000000466666611111111111111111111111111111111111111111111111111111111111111111111111111111111111111111111111111111111111111111111111111111111115
411111111111111111111111111111111111111111111111111111111111111111111111111111111111111111111111111111111111111150000000411111111111111111111111115000000000041111111111111111111111111111111111111111111111111111111111111111111111115000000004150000000000000000006666666111111111111111111111115
4111111111111111111111111111111111111111111111111111111111111111111111111111111111111111111111111111111111111111500000004111111111111111111111111150000000000411111111111111111111111111111111111111111111111111111111111111111111111153333333341500000000000000000000000000000000000000000000000
4111111111111111111111111111111111111111111111111111111111111111111111111111111111111111111111111111111111111111500000004111111111111111111111111153333333333411111111111111111111111111111111111111111111111111111111111111111111111122222222221533700000000000000000000000000000000000000000000
411111111111111111111111111111111111111111111111111111111111111111111111111111111111111111111111111111111111111150000000411111111111111111111111112222222222221111111111111111111111111111111111111111111111111111111111111111111111115666666666122250000000000000000000000000000000000000000000
4111111111111111111111111111111111111111111111111111111111111111111111111111111111111111111111111111111111111111500000004111111111111111111111111111111111111111111111111111111111111111111111111111111111111111111111111111111111111150000000006666500000000000008333333333333333333333331111111111111115
4111111111111111111111111111111111111111111111111111111111111111111111111111111111111111111111111111111111111111500000004111111111111111111111111111111111111111111111111111111111111111111111111111111111111111111111111111111111111150000000000000000000000000004222222221111111111111111111111111111111111111111111111111111111111111111111111111111111111111111111111111111111111111111111111111111111111111111111115
4111111111111111111111111111111111111111111111111111111111111111111111111111111111111111111111111111111111111111500000004111111111111111111111111111111111111111111111111111111111111111111111111111111111111111111111111111111111111150000000000000000000000000004666666664111111111111111111111111111111111111111111111111111111111111111111111111111111111111111111111111111111111111111111111115
4111111111111111111111111111111111111111111111111111111111111111111111111111111111111111111111111111111111111111500000004111111111111111111111111111111111111111111111111111111111111111111111111111111111111111111111111111111111111150000000000000000000000000000000000004111111111111111111111111111111111111111111111111111111111111111111111111111111111111111111111111111111111111111111111111111111111111111111115
4111111111111111111111111111111111111111111111111111111111111111111111111111111111111111111111111111111111111111500000004111111111111111111111111111111111111111111111111111111111111111111111111111111111111111111111111111111111111150000000000000000000000000000000000004111111111111111111111111111111111111111111111111111111111111111111111111111111111111111111111111111111111111111111111115
4111111111111111111111111111111111111111111111111111111111111111111111111111111111111111111111111111111111111111500000004111111111111111111111111111111111111111111111111111111111111111111111111111111111111111111111111111111111111150000000000000000000000000000000000004111111111111111111111111111111111111111111111111111111111111111111111111111111111111111111111111111111111111111111111115
4111111111111111111111111111111111111111111111111111111111111111111111111111111111111111111111111111111111111111500000004111111111111111111111111111111111111111111111111111111111111111111111111111111111111111111111111111111111111150000000000000000000083700000000000004111111111111111111111111111111111111111111111111111111111111111111111111111111111111111111111111111111111111111111111111111111111111111111115
4111111111111111111111111111111111111111111111111111111111111111111111111111111111111111111111111111111111111111500000004111111111111111111111111111111111111111111111111111111111111111111111111111111111111111111111111111111111111150000000000000000000042500000000000004111111111111111111111111111111111111111111111111111111111111111111111111111111111111111111111111111111111111111111111111111111111111111111115
4111111111111111111111111111111111111111111111111111111111111111111111111111111111111111111111111111111111111111500000004111111111111111111111111111111111111111111111111111111111111111111111111111111111111111111111111111111111111150000000000000000000046500000000000004111111111111111111111111111111111111111111111111111111111111111111111111111111111111111111111111111111111111111111111111111111111111111111115
4666666666666666666666666666666666666666666666666666666666666666666666666666666666666666666666666666666666666666500000004666666666666666666666666666666666666666666666666666666666666666666666666666666666666666666666666666666666666650000000000000000000000000000000000004666666666666665