00000000000000000000000000000000000000000000000000000000000000000000000000000000000000000000000
00000000000000000000000000000000000000000000000000000000000000000000000000000000000000000000000
00000000000000000000000000000000000000000000000000000000000000000000000000000000000000000000000
00000000000000000000000000000000000000000000000000000000000000000000000083333333370000000000000
00000000000000000000000000000000000000000000000000000000000000000000000042222222250000000000000
00000000000000000000000000000000000000000000000000000000000000000000000041111111150000000000000
00000000000000000000000000000000000000000000000000000000000000000000000046666666650000000000000
00000000000000000000000000000000000000000000000000000000000000000000000000000000000000000000000
83333333333333333333333333333333333333333333333333333333333333333370000833333333333333333333333
42222222222222222222222222222222222222222222222222222222222222222250000422222222222222222222222
41111111111111111111111111111111111111111111111111111111111111111150000411111111111111111111111
41111111111111111111111111111111111111111111111111111111111111111150000411111111111111111111111
41111111111111111111111111111111111111111111111111111111111111111150000411111111111111111111111
41111111111111111111111111111111111111111111111111111111111111111150000411111111111111111111111
41111111111111111111111111111111111111111111111111111111111111111150000411111111111111111111111
41111111111111111111111111111111111111111111111111111111111111111150000411111111111111111111111
41111111111111111111111111111111111111111111111111111111111111111150000411111111111111111111111
41111111111111111111111111111111111111111111111111111111111111111150000411111111111111111111111
41111111111111111111111111111111111111111111111111111111111111111150000411111111111111111111111
