0000000000000000000000000000000000000000000000000000000000000000000000000000000000000000000000000000000000000000000000000000000000000000000000000000000000000000000000000000000000000000000000000000000000000000000000000000000000000000000000000000000000000000000
0000000000000000000000000000000000000000000000000000000000000000000000000000000000000000000000000000000000000000000000000000000000000000000000000000000000000000000000000000000000000000000000000000000000000000000000000000000000000000000000000000000000000000000
0000000000000000000000000000000000000000000000000000000000000000000000000000000000000000000000000000000000000000000000000000000000000000000000000000000000000000000000000000000000000000000000000000000000000000000000000000000000000000000000000000000000000000000
0000000000000000000000000000000000000000000000000000000000000000000000000000000000000000000000000000000000000000000000000000000000000000000000000000000000000000000000000000000000000000000000000000000000000000000000000000000000000000000000000000000000000000000
0000000000000000000000000000000000000000000000000000000000000000000000000000000000000000000000000000000000000000000000000000000000000000000000000000000000000000000000000000000000000000000000000000000000000000000000000000000000000000000000000000000000000000000
0000000000000000000000000000000000000000000000000000000000000000000000000000000000000000000000000000000000000000000000000000000000000000000000000000000000000000000000000000000000000000000000000000000000000000000000000000000000000000000000000000000000000000000
0000000000000000000000000000000000000000000000000000000000000000000000000000000000000000000000000000000000000000000000000000000000000000000000000000000000000000000000000000000000000000000000000000000000000000000000000000000000000000000000000000000000000000000
0000000000000000000000000000000000000000000000000000000000000000000000000000000000000000000000000000000000000000000000000000000000000000000000000000000000000000000000000000000000000000000000000000000000000000000000000000000000000000000000000000000000000000000
0000000000000000000000000000000000000000000000000000000000000000000000000000000000000000000000000000000000000000000000000000000000000000000000000000000000000000000000000000000000000000000000000000000000000000000000000000000000000000000000000000000000000000000
0000000000000000000000000000000000000000000000000000000000000000000000000000000000000000000000000000000000000000000000000000000000000000000000000000000000000000000000000000000000000000833333333333333333333333333333333333333333333333333333333333333333333333333
0000000000000000000000000000000000000000000000000000000000000000000000000000000000000000000000000000000000000000083370000000000000000000000000000000000000000000000000000000000000000000422222222222222222222222222222222222222222222222222222222222222222222222222
0000000000000000000000000000000000000000000000000000000000000000000000000000000000000000000000000000000000000000042250000000000000000000000000000000000000000000000000000000000000000000411111111111111111111111111111111111111111111111111111111111111111111111111
0000000000000000000000000000000000000000000000000000008337000000000000000000000000000000000000008337000000000000041150000000000000000000000000000000000000000000000000000000000000000000466666111111111111111111111111111111111111111111111111111111111111111111111
0000000000000000000000000000000000000000000000000000004225000000000000000000000000000000000000004225000000000000041150000000000000000000000000000000000000000000000000000000000000000000000004111111111111111111111111111111111111111111111111111111111111111111111
3333333333333333333333333333333333333333333700000000004115000000000083370000000000833700000000004115000000000000041150000000000000000000000000000000000000000000000000000000000000000000000004111111111111111111111111111111111111111111111111111111111111111111111
2222222222222222222222222222222222222222222500000000004115000000000042250000000000422500000000004115000000000000041150000000000000000000000000000000000000000000000000000000000000000000000004111111111111111111111111111111111111111111111111111111111111111111111
1111111111111111111111111111111111111111111533333333334115333333333341153333333333411533333333334115000000000000041150000008333333333700000000000000000083333333333700000000000000833333333334111111111111111111111111111111111111111111111111111111111111111111111
1111111111111111111111111111111111111111111222222222222112222222222221122222222222211222222222222115000000000000041150000004222222222500000000000000000042222222222500000000000000422222222222111111111111111111111111111111111111111111111111111111111111111111111
1111111111111111111111111111111111111111111111111111111111111111111111111111111111111111111111111115000000000000041153333334111111111500000000000000000041111111111500000000000000411111111111111111111111111111111111111111111111111111111111111111111111111111111
1111111111111111111111111111111111111111111111111111111111111111111111111111111111111111111111111115000000000000041122222222111111111500000000833700000046666661111533333333333333411111111111111111111111111111111111111111111111111111111111111111111111111111111
1111111111111111111111111111111111111111111111111111111111111111111111111111111111111111111111111115000000000000041111111111111111111500000000422500000000000041111222222222222222211111111111111111111111111111111111111111111111111111111111111111111111111111111
1111111111111111111111111111111111111111111111111111111111111111111111111111111111111111111111111115000000000000041111111111111111111500000000411500000000000041111111111111111111111111111111111111111111111111111111111111111111111111111111111111111111111111111
1111111111111111111111111111111111111111111111111111111111111111111111111111111111111111111111111115000000000000041111111111111111111500000000466500000000000041111111111111111111111111111111111111111111111111111111111111111111111111111111111111111111111111111
1111111111111111111111111111111111111111111111111111111111111111111111111111111111111111111111111115000000000000041111111111111111111500000000000000000000000041111111111111111111111111111111111111111111111111111111111111111111111111111111111111111111111111111
1111111111111111111111111111111111111111111111111111111111111111111111111111111111111111111111111115000000000000041111111111111111111500000000000000000000000041111111111111111111111111111111111111111111111111111111111111111111111111111111111111111111111111111
1111111111111111111111111111111111111111111111111111111111111111111111111111111111111111111111111115000000000000041111111111111111111500000000000000000000000041111111111111111111111111111111111111111111111111111111111111111111111111111111111111111111111111111
1111111111111111111111111111111111111111111111111111111111111111111111111111111111111111111111111115000000000000041111111111111111111500000000000000000000000041111111111111111111111111111111111111111111111111111111111111111111111111111111111111111111111111111
1111111111111111111111111111111111111111111111111111111111111111111111111111111111111111111111111115000000000000041111111111111111111500000000000000000083333341111111111111111111111111111111111111111111111111111111111111111111111111111111111111111111111111111
1111111111111111111111111111111111111111111111111111111111111111111111111111111111111111111111111115000000000000041666666666666666666500000000000000000042222221111111111111111111111111111111111111111111111111111111111111111111111111111111111111111111111111111
1111111111111111111111111111111111111111111111111111111111111111111111111111111111111111111111111115000000000000041500000000000000000000000000000000000041111111111111111111111111111111111111111111111111111111111111111111111111111111111111111111111111111111111
1111111111111111111111111111111111111111111111111111111111111111111111111111111111111111111111111115000000000000041500000000000000000000000000000000000046666611111111111111111111111111111111111111111111111111111111111111111111111111111111111111111111111111111
1111111111111111111111111111111111111111111111111111111111111111111111111111111111111111111111111115000000000000041500000000000000000000000000000000000000000041111111111111111111111111111111111111111111111111111111111111111111111111111111111111111111111111111
1111111111111111111111111111111111111111111111111111111111111111111111111111111111111111111111111115000000000000041500000000000000000000000000008337000000000041111111111111111111111111111111111111111111111111111111111111111111111111111111111111111111111111111
1111111111111111111111111111111111111111111111111111111111111111111111111111111111111111111111111115000000000000041500000000000000000000000000004225000000000041111111111111111111111111111111111111111111111111111111111111111111111111111111111111111111111111111
1111111111111111111111111111111111111111111111111111111111111111111111111111111111111111111111111115000000000000041500000000000000000000000000004115000000000041111111111111111111111111111111111111111111111111111111111111111111111111111111111111111111111111111
1111111111111111111111111111111111111111111111111111111111111111111111111111111111111111111111111115000000000000041533333333333333333370000000004665000000000041111111111111111111111111111111111111111111111111111111111111111111111111111111111111111111111111111
1111111111111111111111111111111111111111111111111111111111111111111111111111111111111111111111111115000000000000041222222222222222222250000000000000000000000041111111111111111111111111111111111111111111111111111111111111111111111111111111111111111111111111111
1111111111111111111111111111111111111111111111111111111111111111111111111111111111111111111111111115000000000000041111111111111111111150000000000000000000000041111111111111111111111111111111111111111111111111111111111111111111111111111111111111111111111111111
1111111111111111111111111111111111111111111111111111111111111111111111111111111111111111111111111115000000000000041111111111111111111150000000000000000000000041111111111111111111111111111111111111111111111111111111111111111111111111111111111111111111111111111
1111111111111111111111111111111111111111111111111111111111111111111111111111111111111111111111111115000000000000041111111111111111111150000000000000000000000041111111111111111111111111111111111111111111111111111111111111111111111111111111111111111111111111111
1111111111111111111111111111111111111111111111111111111111111111111111111111111111111111111111111115000000000000041111111111111111111150000000000000000000000041111111111111111111111111111111111111111111111111111111111111111111111111111111111111111111111111111
1111111111111111111111111111111111111111111111111111111111111111111111111111111111111111111111111115000000000000041111111111111111111150000000000000000000000041111111111111111111111111111111111111111111111111111111111111111111111111111111111111111111111111111
1111111111111111111111111111111111111111111111111111111111111111111111111111111111111111111111111115000000000000041111111111111111111150000000000000000000000041111111111111111111111111111111111111111111111111111111111111111111111111111111111111111111111111111
1111111111111111111111111111111111111111111111111111111111111111111111111111111111111111111111111115000000000000041111111111111111111150000000000000000000000041111111111111111111111111111111111111111111111111111111111111111111111111111111111111111111111111111